  2.0000000e+002	  3.0000000e+002	  5.0000000e+001	  0.0000000e+000	  5.0000000e+001	  9.6000000e-002	 -2.4366513e+001	             NaN	             NaN	             NaN	             NaN	  0.0000000e+000	  1.2697818e+000	  3.1752405e-002	
  2.5000000e+002	  2.5000000e+002	  5.5000000e+001	  2.5000000e+001	  2.2000000e+001	  9.6000000e-002	 -2.4366513e+001	             NaN	             NaN	             NaN	             NaN	  0.0000000e+000	  1.1781990e+000	  2.0761091e-002	
  2.5100000e+002	  2.5100000e+002	  6.1000000e+001	  3.5000000e+001	  3.3000000e+001	  3.8004802e-001	 -9.5596573e+001	  3.7370737e-002	 -9.3645169e+000	 -9.3645169e+000	  2.3466093e+003	  1.0000000e+000	  1.3372449e+000	  1.8429474e-001	
  2.4801822e+002	  2.5411580e+002	  6.7000000e+001	  1.6000000e+001	  5.2000000e+001	  2.5845028e-001	 -6.5194215e+001	  1.5331012e-003	 -3.8515142e-001	 -3.8515142e-001	  9.6765106e+001	  1.0000000e+000	  1.3508860e+000	  8.0079280e-002	
  2.4707450e+002	  2.5604092e+002	  7.4000000e+001	  1.5000000e+001	  6.3000000e+001	  2.3006647e-001	 -5.8124838e+001	  5.0309997e-004	 -1.2672318e-001	 -1.2672318e-001	  3.1923991e+001	  1.0000000e+000	  1.3503681e+000	  7.6790665e-002	
  2.4682910e+002	  2.5690172e+002	  8.1000000e+001	  1.5000000e+001	  7.9000000e+001	  2.5201083e-001	 -6.3637149e+001	  3.1290673e-004	 -7.8931367e-002	 -7.8931367e-002	  1.9914189e+001	  1.0000000e+000	  1.3418716e+000	  9.3120338e-002	
  2.4720925e+002	  2.5640478e+002	  8.9000000e+001	  1.9000000e+001	  8.0000000e+001	  2.4743455e-001	 -6.2508976e+001	  2.1762737e-004	 -5.4972373e-002	 -5.4972373e-002	  1.3888803e+001	  1.0000000e+000	  1.5119961e+000	  1.1044106e-001	
  2.4722189e+002	  2.5658749e+002	  9.8000000e+001	  3.1000000e+001	  9.0000000e+001	  2.3679016e-001	 -5.9803871e+001	  1.5883164e-004	 -4.0142107e-002	 -4.0142107e-002	  1.0147553e+001	  1.0000000e+000	  1.5020425e+000	  1.1645035e-001	
  2.4691115e+002	  2.5669776e+002	  1.0800000e+002	  2.6000000e+001	  1.0100000e+002	  2.3660340e-001	 -5.9751376e+001	  1.2452170e-004	 -3.1488588e-002	 -3.1488588e-002	  7.9646450e+000	  1.0000000e+000	  1.5940472e+000	  1.3125374e-001	
  2.4688418e+002	  2.5667851e+002	  1.1900000e+002	  1.8000000e+001	  1.1000000e+002	  2.4260670e-001	 -6.1291574e+001	  1.0343902e-004	 -2.6179776e-002	 -2.6179776e-002	  6.6276058e+000	  1.0000000e+000	  1.5899601e+000	  1.4944299e-001	
  2.4712357e+002	  2.5667555e+002	  1.3100000e+002	  2.5000000e+001	  1.2500000e+002	  2.4849126e-001	 -6.2777040e+001	  8.8103879e-005	 -2.2307897e-002	 -2.2307897e-002	  5.6498145e+000	  1.0000000e+000	  1.6862926e+000	  1.7922293e-001	
  2.4724934e+002	  2.5657511e+002	  1.4400000e+002	  3.0000000e+001	  1.3700000e+002	  2.5233685e-001	 -6.3744598e+001	  7.5846224e-005	 -1.9209547e-002	 -1.9209547e-002	  4.8664683e+000	  1.0000000e+000	  1.7490308e+000	  1.9991174e-001	
  2.4731567e+002	  2.5649932e+002	  1.5800000e+002	  5.0000000e+001	  1.4400000e+002	  2.4467536e-001	 -6.1796348e+001	  6.3017973e-005	 -1.5960842e-002	 -1.5960842e-002	  4.0435518e+000	  1.0000000e+000	  1.9280835e+000	  2.0467354e-001	
  2.4709725e+002	  2.5656847e+002	  1.7400000e+002	  5.0000000e+001	  1.5700000e+002	  2.3852094e-001	 -6.0239753e+001	  5.3006629e-005	 -1.3427110e-002	 -1.3427110e-002	  3.4021461e+000	  1.0000000e+000	  1.9381399e+000	  2.4033602e-001	
  2.4694693e+002	  2.5666252e+002	  1.9100000e+002	  5.5000000e+001	  1.7800000e+002	  2.3504194e-001	 -5.9347588e+001	  4.5146905e-005	 -1.1436002e-002	 -1.1436002e-002	  2.8976209e+000	  1.0000000e+000	  2.0978491e+000	  2.5355299e-001	
  2.4680636e+002	  2.5666577e+002	  2.1000000e+002	  3.9000000e+001	  1.9800000e+002	  2.3882917e-001	 -6.0309415e+001	  3.9971436e-005	 -1.0127855e-002	 -1.0127855e-002	  2.5668926e+000	  1.0000000e+000	  2.1753604e+000	  2.8947208e-001	
  2.4691990e+002	  2.5662296e+002	  2.3100000e+002	  4.2000000e+001	  2.1500000e+002	  2.4181979e-001	 -6.1075442e+001	  3.5596681e-005	 -9.0222329e-003	 -9.0222329e-003	  2.2873968e+000	  1.0000000e+000	  2.3457162e+000	  3.3805035e-001	
  2.4703397e+002	  2.5661703e+002	  2.5400000e+002	  5.6000000e+001	  2.2600000e+002	  2.3958931e-001	 -6.0528387e+001	  3.1246599e-005	 -7.9221833e-003	 -7.9221833e-003	  2.0091389e+000	  1.0000000e+000	  2.4339132e+000	  3.4318552e-001	
  2.4705045e+002	  2.5672272e+002	  2.7900000e+002	  5.2000000e+001	  2.6200000e+002	  2.4276303e-001	 -6.1336781e+001	  2.8054156e-005	 -7.1144467e-003	 -7.1144467e-003	  1.8047137e+000	  1.0000000e+000	  2.5987720e+000	  3.8509677e-001	
  2.4715065e+002	  2.5669647e+002	  3.0700000e+002	  7.8000000e+001	  2.9100000e+002	  2.4265522e-001	 -6.1298608e+001	  2.4825443e-005	 -6.2953024e-003	 -6.2953024e-003	  1.5968382e+000	  1.0000000e+000	  2.8481160e+000	  4.4903222e-001	
  2.4710315e+002	  2.5665321e+002	  3.3800000e+002	  8.7000000e+001	  3.1100000e+002	  2.4053469e-001	 -6.0760686e+001	  2.1894408e-005	 -5.5522034e-003	 -5.5522034e-003	  1.4083907e+000	  1.0000000e+000	  2.9329769e+000	  5.0303580e-001	
  2.4704523e+002	  2.5667948e+002	  3.7200000e+002	  7.8000000e+001	  3.4200000e+002	  2.4098992e-001	 -6.0883652e+001	  1.9608724e-005	 -4.9735094e-003	 -4.9735094e-003	  1.2618339e+000	  1.0000000e+000	  3.2656359e+000	  5.3802500e-001	
  2.4708881e+002	  2.5670487e+002	  4.0900000e+002	  8.3000000e+001	  3.8200000e+002	  2.4272164e-001	 -6.1325767e+001	  1.7679771e-005	 -4.4849142e-003	 -4.4849142e-003	  1.1380396e+000	  1.0000000e+000	  3.4420940e+000	  5.9094189e-001	
  2.4714742e+002	  2.5669487e+002	  4.5000000e+002	  9.9000000e+001	  4.2100000e+002	  2.4361987e-001	 -6.1553268e+001	  1.5901904e-005	 -4.0342075e-003	 -4.0342075e-003	  1.0237486e+000	  1.0000000e+000	  3.6928584e+000	  7.0524053e-001	
  2.4717002e+002	  2.5668227e+002	  4.9500000e+002	  1.2100000e+002	  4.6400000e+002	  2.4333423e-001	 -6.1476071e+001	  1.4231481e-005	 -3.6103478e-003	 -3.6103478e-003	  9.1616703e-001	  1.0000000e+000	  3.9486878e+000	  7.4849466e-001	
  2.4714291e+002	  2.5666633e+002	  5.4500000e+002	  1.3200000e+002	  5.1600000e+002	  2.4372890e-001	 -6.1568268e+001	  1.2781159e-005	 -3.2422331e-003	 -3.2422331e-003	  8.2270796e-001	  1.0000000e+000	  4.2665405e+000	  7.8914119e-001	
  2.4712099e+002	  2.5662899e+002	  6.0000000e+002	  1.3200000e+002	  5.4900000e+002	  2.4340274e-001	 -6.1492812e+001	  1.1511523e-005	 -2.9205306e-003	 -2.9205306e-003	  7.4116983e-001	  1.0000000e+000	  4.6030228e+000	  9.1866743e-001	
  2.4714213e+002	  2.5666286e+002	  6.6000000e+002	  1.5100000e+002	  6.0800000e+002	  2.4298409e-001	 -6.1390234e+001	  1.0358496e-005	 -2.6281929e-003	 -2.6281929e-003	  6.6702904e-001	  1.0000000e+000	  4.9321687e+000	  9.7749080e-001	
  2.4714579e+002	  2.5668293e+002	  7.2600000e+002	  1.8100000e+002	  6.7100000e+002	  2.4170361e-001	 -6.1064866e+001	  9.2772638e-006	 -2.3538447e-003	 -2.3538447e-003	  5.9739713e-001	  1.0000000e+000	  5.4330401e+000	  1.0546043e+000	
  2.4710895e+002	  2.5669662e+002	  7.9900000e+002	  1.6600000e+002	  7.3700000e+002	  2.4242193e-001	 -6.1253308e+001	  8.4087116e-006	 -2.1337583e-003	 -2.1337583e-003	  5.4161173e-001	  1.0000000e+000	  5.7708020e+000	  1.2050702e+000	
  2.4715408e+002	  2.5671333e+002	  8.7900000e+002	  1.8400000e+002	  8.1800000e+002	  2.4352076e-001	 -6.1535128e+001	  7.6342047e-006	 -1.9374091e-003	 -1.9374091e-003	  4.9181950e-001	  1.0000000e+000	  6.2680870e+000	  1.3854614e+000	
  2.4719613e+002	  2.5671225e+002	  9.6700000e+002	  2.3300000e+002	  8.9300000e+002	  2.4263620e-001	 -6.1311643e+001	  6.8685875e-006	 -1.7431359e-003	 -1.7431359e-003	  4.4250910e-001	  1.0000000e+000	  6.8586165e+000	  1.5105504e+000	
  2.4717623e+002	  2.5672705e+002	  1.0640000e+003	  2.6100000e+002	  9.9000000e+002	  2.4192783e-001	 -6.1129762e+001	  6.1802161e-006	 -1.5684027e-003	 -1.5684027e-003	  3.9814306e-001	  1.0000000e+000	  7.4407982e+000	  1.6754060e+000	
  2.4714817e+002	  2.5672695e+002	  1.1700000e+003	  2.9500000e+002	  1.0790000e+003	  2.4043789e-001	 -6.0751503e+001	  5.5465495e-006	 -1.4075674e-003	 -1.4075674e-003	  3.5730876e-001	  1.0000000e+000	  8.1019916e+000	  1.8541118e+000	
  2.4710649e+002	  2.5674462e+002	  1.2870000e+003	  3.0600000e+002	  1.2170000e+003	  2.4094302e-001	 -6.0873296e+001	  5.0151330e-006	 -1.2726436e-003	 -1.2726436e-003	  3.2304286e-001	  1.0000000e+000	  8.8515112e+000	  2.0471953e+000	
  2.4709393e+002	  2.5671186e+002	  1.4160000e+003	  3.3700000e+002	  1.3200000e+003	  2.4069773e-001	 -6.0809374e+001	  4.5295608e-006	 -1.1494125e-003	 -1.1494125e-003	  2.9175958e-001	  1.0000000e+000	  9.6810834e+000	  2.1615568e+000	
  2.4708016e+002	  2.5670789e+002	  1.5580000e+003	  3.3000000e+002	  1.4410000e+003	  2.4133373e-001	 -6.0975322e+001	  4.1181971e-006	 -1.0451255e-003	 -1.0451255e-003	  2.6531322e-001	  1.0000000e+000	  1.0520042e+001	  2.4788250e+000	
  2.4711665e+002	  2.5671900e+002	  1.7140000e+003	  3.9800000e+002	  1.5870000e+003	  2.4103150e-001	 -6.0899966e+001	  3.7254431e-006	 -9.4547575e-004	 -9.4547575e-004	  2.4002255e-001	  1.0000000e+000	  1.1440320e+001	  2.5812649e+000	
  2.4711386e+002	  2.5672826e+002	  1.8850000e+003	  4.4200000e+002	  1.7660000e+003	  2.4120751e-001	 -6.0941823e+001	  3.3739871e-006	 -8.5626367e-004	 -8.5626367e-004	  2.1737081e-001	  1.0000000e+000	  1.2614411e+001	  2.9251572e+000	
  2.4710708e+002	  2.5671446e+002	  2.0740000e+003	  5.1800000e+002	  1.9560000e+003	  2.4098326e-001	 -6.0877793e+001	  3.0470316e-006	 -7.7321676e-004	 -7.7321676e-004	  1.9627093e-001	  1.0000000e+000	  1.3695408e+001	  3.2535928e+000	
  2.4707132e+002	  2.5668765e+002	  2.2810000e+003	  5.2700000e+002	  2.1650000e+003	  2.4197546e-001	 -6.1122915e+001	  2.7694617e-006	 -7.0273966e-004	 -7.0273966e-004	  1.7837111e-001	  1.0000000e+000	  1.4952489e+001	  3.3835201e+000	
  2.4707123e+002	  2.5664812e+002	  2.5090000e+003	  5.9100000e+002	  2.3300000e+003	  2.4166377e-001	 -6.1043740e+001	  2.5089941e-006	 -6.3664465e-004	 -6.3664465e-004	  1.6159409e-001	  1.0000000e+000	  1.6367641e+001	  3.9157606e+000	
  2.4706227e+002	  2.5665151e+002	  2.7600000e+003	  6.7100000e+002	  2.6240000e+003	  2.4215511e-001	 -6.1159520e+001	  2.2753836e-006	 -5.7730512e-004	 -5.7730512e-004	  1.4651694e-001	  1.0000000e+000	  1.7867163e+001	  4.2677333e+000	
  2.4703910e+002	  2.5660889e+002	  3.0360000e+003	  7.6500000e+002	  2.9410000e+003	  2.4317942e-001	 -6.1402803e+001	  2.0651385e-006	 -5.2385158e-004	 -5.2385158e-004	  1.3292303e-001	  1.0000000e+000	  1.9609566e+001	  4.9818161e+000	
  2.4699895e+002	  2.5652843e+002	  3.3400000e+003	  8.4000000e+002	  3.1590000e+003	  2.4300426e-001	 -6.1349983e+001	  1.8702839e-006	 -4.7436266e-004	 -4.7436266e-004	  1.2035020e-001	  1.0000000e+000	  2.1450418e+001	  5.0578438e+000	
  2.4695963e+002	  2.5649598e+002	  3.6740000e+003	  9.6500000e+002	  3.5190000e+003	  2.4293227e-001	 -6.1317483e+001	  1.6921283e-006	 -4.2908463e-004	 -4.2908463e-004	  1.0883961e-001	  1.0000000e+000	  2.3519959e+001	  5.8037131e+000	
  2.4689904e+002	  2.5643821e+002	  4.0410000e+003	  1.1020000e+003	  3.7610000e+003	  2.4099051e-001	 -6.0819124e+001	  1.5221981e-006	 -3.8594092e-004	 -3.8594092e-004	  9.7882533e-002	  1.0000000e+000	  2.5862121e+001	  6.1862345e+000	
  2.4682044e+002	  2.5643647e+002	  4.4450000e+003	  9.9800000e+002	  4.1160000e+003	  2.4106774e-001	 -6.0841091e+001	  1.3849438e-006	 -3.5115346e-004	 -3.5115346e-004	  8.9062715e-002	  1.0000000e+000	  2.8285156e+001	  7.0566417e+000	
  2.4683249e+002	  2.5644544e+002	  4.8900000e+003	  1.1070000e+003	  4.6050000e+003	  2.4186215e-001	 -6.1039117e+001	  1.2620217e-006	 -3.1997601e-004	 -3.1997601e-004	  8.1152549e-002	  1.0000000e+000	  3.0960859e+001	  7.2068302e+000	
  2.4684052e+002	  2.5642190e+002	  5.3790000e+003	  1.3300000e+003	  4.9120000e+003	  2.4022685e-001	 -6.0628172e+001	  1.1400438e-006	 -2.8905257e-004	 -2.8905257e-004	  7.3310439e-002	  1.0000000e+000	  3.4046494e+001	  8.5752599e+000	
